1498 2518 1845 2248 2381 1712 2048 2048 2052 2044 1603 2493 2574 1522 2311 1785 2057 2039 2048 2503 
1498 2518 1845 2248 2381 1712 2048 2048 2044 2034 1612 2489 2557 1531 2302 1790 2039 2020 2048 2503 
1498 2518 1845 2248 2381 1712 2048 2048 2035 2025 1637 2503 2506 1502 2277 1775 2022 2002 2048 2503 
1498 2518 1845 2248 2381 1712 2048 2048 2029 2018 1673 2530 2435 1447 2241 1748 2010 1987 2048 2503 
1498 2518 1845 2248 2381 1712 2048 2048 2025 2013 1708 2554 2365 1399 2206 1724 2002 1977 2048 2503 
1498 2518 1845 2248 2381 1712 2048 2048 2025 2013 1708 2554 2365 1399 2206 1724 2002 1977 2048 2503 
1498 2518 1845 2248 2381 1712 2048 2048 2026 2010 1818 2637 2144 1233 2096 1641 2003 1971 2048 2503 
1498 2518 1845 2248 2381 1712 2048 2048 2030 2017 1746 2580 2288 1349 2168 1699 2011 1985 2048 2503 
1498 2518 1845 2248 2381 1712 2048 2048 2036 2025 1695 2503 2391 1502 2219 1775 2023 2002 2048 2503 
1498 2518 1845 2248 2381 1712 2048 2048 2044 2035 1663 2445 2455 1617 2251 1833 2039 2021 2048 2503 
1498 2518 1845 2248 2381 1712 2048 2048 2052 2044 1652 2444 2477 1619 2262 1834 2057 2039 2048 2503 
1498 2518 1845 2248 2381 1712 2048 2048 2061 2052 1651 2433 2479 1641 2263 1845 2075 2057 2048 2503 
1498 2518 1845 2248 2381 1712 2048 2048 2071 2060 1593 2401 2594 1705 2321 1877 2094 2073 2048 2503 
1498 2518 1845 2248 2381 1712 2048 2048 2079 2066 1516 2350 2747 1808 2397 1928 2111 2085 2048 2503 
1498 2518 1845 2248 2381 1712 2048 2048 2086 2070 1459 2278 2863 1952 2455 2000 2125 2093 2048 2503 
1498 2518 1845 2248 2381 1712 2048 2048 2086 2070 1459 2278 2863 1952 2455 2000 2125 2093 2048 2503 
1498 2518 1845 2248 2381 1712 2048 2048 2086 2070 1459 2278 2863 1952 2455 2000 2125 2093 2048 2503 
1498 2518 1845 2248 2381 1712 2048 2048 2079 2066 1516 2350 2747 1808 2397 1928 2111 2085 2048 2503 
1498 2518 1845 2248 2381 1712 2048 2048 2071 2060 1593 2401 2594 1705 2321 1877 2094 2073 2048 2503 
1498 2518 1845 2248 2381 1712 2048 2048 2061 2052 1651 2433 2479 1641 2263 1845 2075 2057 2048 2503 
1498 2518 1845 2248 2381 1712 2048 2048 2052 2044 1652 2444 2477 1619 2262 1834 2057 2039 2048 2503 
1498 2518 1845 2248 2381 1712 2048 2048 2044 2035 1663 2445 2455 1617 2251 1833 2039 2021 2048 2503 
1498 2518 1845 2248 2381 1712 2048 2048 2036 2025 1695 2503 2391 1502 2219 1775 2023 2002 2048 2503 
1498 2518 1845 2248 2381 1712 2048 2048 2030 2017 1746 2580 2288 1349 2168 1699 2011 1985 2048 2503 
1498 2518 1845 2248 2381 1712 2048 2048 2026 2010 1818 2637 2144 1233 2096 1641 2003 1971 2048 2503 
1498 2518 1845 2248 2381 1712 2048 2048 2026 2010 1818 2637 2144 1233 2096 1641 2003 1971 2048 2503 
1498 2518 1845 2248 2381 1712 2048 2048 2026 2010 1818 2637 2144 1233 2096 1641 2003 1971 2048 2503 
1498 2518 1845 2248 2381 1712 2048 2048 2030 2017 1746 2580 2288 1349 2168 1699 2011 1985 2048 2503 
1498 2518 1845 2248 2381 1712 2048 2048 2036 2025 1695 2503 2391 1502 2219 1775 2023 2002 2048 2503 
1498 2518 1845 2248 2381 1712 2048 2048 2044 2035 1663 2445 2455 1617 2251 1833 2039 2021 2048 2503 
1498 2518 1845 2248 2381 1712 2048 2048 2052 2044 1652 2444 2477 1619 2262 1834 2057 2039 2048 2503 
1498 2518 1845 2248 2381 1712 2048 2048 2061 2052 1651 2433 2479 1641 2263 1845 2075 2057 2048 2503 
1498 2518 1845 2248 2381 1712 2048 2048 2071 2060 1593 2401 2594 1705 2321 1877 2094 2073 2048 2503 
1498 2518 1845 2248 2381 1712 2048 2048 2079 2066 1516 2350 2747 1808 2397 1928 2111 2085 2048 2503 
1498 2518 1845 2248 2381 1712 2048 2048 2086 2070 1459 2278 2863 1952 2455 2000 2125 2093 2048 2503 
1498 2518 1845 2248 2381 1712 2048 2048 2086 2070 1459 2278 2863 1952 2455 2000 2125 2093 2048 2503 
1498 2518 1845 2248 2381 1712 2048 2048 2086 2070 1459 2278 2863 1952 2455 2000 2125 2093 2048 2503 
1498 2518 1845 2248 2381 1712 2048 2048 2079 2066 1516 2350 2747 1808 2397 1928 2111 2085 2048 2503 
1498 2518 1845 2248 2381 1712 2048 2048 2071 2060 1593 2401 2594 1705 2321 1877 2094 2073 2048 2503 
1498 2518 1845 2248 2381 1712 2048 2048 2061 2052 1651 2433 2479 1641 2263 1845 2075 2057 2048 2503 
1498 2518 1845 2248 2381 1712 2048 2048 2052 2044 1652 2444 2477 1619 2262 1834 2057 2039 2048 2503 
1498 2518 1845 2248 2381 1712 2048 2048 2044 2035 1663 2445 2455 1617 2251 1833 2039 2021 2048 2503 
1498 2518 1845 2248 2381 1712 2048 2048 2036 2025 1695 2503 2391 1502 2219 1775 2023 2002 2048 2503 
1498 2518 1845 2248 2381 1712 2048 2048 2030 2017 1746 2580 2288 1349 2168 1699 2011 1985 2048 2503 
1498 2518 1845 2248 2381 1712 2048 2048 2026 2010 1818 2637 2144 1233 2096 1641 2003 1971 2048 2503 
1498 2518 1845 2248 2381 1712 2048 2048 2026 2010 1818 2637 2144 1233 2096 1641 2003 1971 2048 2503 
1498 2518 1845 2248 2381 1712 2048 2048 2026 2010 1818 2637 2144 1233 2096 1641 2003 1971 2048 2503 
1498 2518 1845 2248 2381 1712 2048 2048 2030 2017 1746 2580 2288 1349 2168 1699 2011 1985 2048 2503 
1498 2518 1845 2248 2381 1712 2048 2048 2036 2025 1695 2503 2391 1502 2219 1775 2023 2002 2048 2503 
1498 2518 1845 2248 2381 1712 2048 2048 2044 2035 1663 2445 2455 1617 2251 1833 2039 2021 2048 2503 
1498 2518 1845 2248 2381 1712 2048 2048 2052 2044 1652 2444 2477 1619 2262 1834 2057 2039 2048 2503 
1498 2518 1845 2248 2381 1712 2048 2048 2061 2052 1651 2433 2479 1641 2263 1845 2075 2057 2048 2503 
1498 2518 1845 2248 2381 1712 2048 2048 2071 2060 1593 2401 2594 1705 2321 1877 2094 2073 2048 2503 
1498 2518 1845 2248 2381 1712 2048 2048 2079 2066 1516 2350 2747 1808 2397 1928 2111 2085 2048 2503 
1498 2518 1845 2248 2381 1712 2048 2048 2086 2070 1459 2278 2863 1952 2455 2000 2125 2093 2048 2503 
1498 2518 1845 2248 2381 1712 2048 2048 2086 2070 1459 2278 2863 1952 2455 2000 2125 2093 2048 2503 
1498 2518 1845 2248 2381 1712 2048 2048 2086 2070 1459 2278 2863 1952 2455 2000 2125 2093 2048 2503 
1498 2518 1845 2248 2381 1712 2048 2048 2079 2066 1516 2350 2747 1808 2397 1928 2111 2085 2048 2503 
1498 2518 1845 2248 2381 1712 2048 2048 2071 2060 1593 2401 2594 1705 2321 1877 2094 2073 2048 2503 
1498 2518 1845 2248 2381 1712 2048 2048 2061 2052 1651 2433 2479 1641 2263 1845 2075 2057 2048 2503 
1498 2518 1845 2248 2381 1712 2048 2048 2052 2044 1652 2444 2477 1619 2262 1834 2057 2039 2048 2503 
1498 2518 1845 2248 2381 1712 2048 2048 2044 2035 1663 2445 2455 1617 2251 1833 2039 2021 2048 2503 
1498 2518 1845 2248 2381 1712 2048 2048 2036 2025 1695 2503 2391 1502 2219 1775 2023 2002 2048 2503 
1498 2518 1845 2248 2381 1712 2048 2048 2030 2017 1746 2580 2288 1349 2168 1699 2011 1985 2048 2503 
1498 2518 1845 2248 2381 1712 2048 2048 2026 2010 1818 2637 2144 1233 2096 1641 2003 1971 2048 2503 
1498 2518 1845 2248 2381 1712 2048 2048 2026 2010 1818 2637 2144 1233 2096 1641 2003 1971 2048 2503 
1498 2518 1845 2248 2381 1712 2048 2048 2026 2010 1818 2637 2144 1233 2096 1641 2003 1971 2048 2503 
1498 2518 1845 2248 2381 1712 2048 2048 2030 2017 1746 2580 2288 1349 2168 1699 2011 1985 2048 2503 
1498 2518 1845 2248 2381 1712 2048 2048 2036 2025 1695 2503 2391 1502 2219 1775 2023 2002 2048 2503 
1498 2518 1845 2248 2381 1712 2048 2048 2044 2035 1663 2445 2455 1617 2251 1833 2039 2021 2048 2503 
1498 2518 1845 2248 2381 1712 2048 2048 2052 2044 1652 2444 2477 1619 2262 1834 2057 2039 2048 2503 
1498 2518 1845 2248 2381 1712 2048 2048 2061 2052 1651 2433 2479 1641 2263 1845 2075 2057 2048 2503 
1498 2518 1845 2248 2381 1712 2048 2048 2071 2060 1593 2401 2594 1705 2321 1877 2094 2073 2048 2503 
1498 2518 1845 2248 2381 1712 2048 2048 2079 2066 1516 2350 2747 1808 2397 1928 2111 2085 2048 2503 
1498 2518 1845 2248 2381 1712 2048 2048 2086 2070 1459 2278 2863 1952 2455 2000 2125 2093 2048 2503 
1498 2518 1845 2248 2381 1712 2048 2048 2086 2070 1459 2278 2863 1952 2455 2000 2125 2093 2048 2503 
1498 2518 1845 2248 2381 1712 2048 2048 2086 2070 1459 2278 2863 1952 2455 2000 2125 2093 2048 2503 
1498 2518 1845 2248 2381 1712 2048 2048 2079 2066 1516 2350 2747 1808 2397 1928 2111 2085 2048 2503 
1498 2518 1845 2248 2381 1712 2048 2048 2071 2060 1593 2401 2594 1705 2321 1877 2094 2073 2048 2503 
1498 2518 1845 2248 2381 1712 2048 2048 2061 2052 1651 2433 2479 1641 2263 1845 2075 2057 2048 2503 
1498 2518 1845 2248 2381 1712 2048 2048 2052 2044 1652 2444 2477 1619 2262 1834 2057 2039 2048 2503 
1498 2518 1845 2248 2381 1712 2048 2048 2044 2035 1663 2445 2455 1617 2251 1833 2039 2021 2048 2503 
1498 2518 1845 2248 2381 1712 2048 2048 2036 2025 1695 2503 2391 1502 2219 1775 2023 2002 2048 2503 
1498 2518 1845 2248 2381 1712 2048 2048 2030 2017 1746 2580 2288 1349 2168 1699 2011 1985 2048 2503 
1498 2518 1845 2248 2381 1712 2048 2048 2026 2010 1818 2637 2144 1233 2096 1641 2003 1971 2048 2503 
1498 2518 1845 2248 2381 1712 2048 2048 2026 2010 1818 2637 2144 1233 2096 1641 2003 1971 2048 2503 
1498 2518 1845 2248 2381 1712 2048 2048 2026 2010 1818 2637 2144 1233 2096 1641 2003 1971 2048 2503 
1498 2518 1845 2248 2381 1712 2048 2048 2030 2017 1746 2580 2288 1349 2168 1699 2011 1985 2048 2503 
1498 2518 1845 2248 2381 1712 2048 2048 2036 2025 1695 2503 2391 1502 2219 1775 2023 2002 2048 2503 
1498 2518 1845 2248 2381 1712 2048 2048 2044 2035 1663 2445 2455 1617 2251 1833 2039 2021 2048 2503 
1498 2518 1845 2248 2381 1712 2048 2048 2052 2044 1652 2444 2477 1619 2262 1834 2057 2039 2048 2503 
1498 2518 1845 2248 2381 1712 2048 2048 2061 2052 1651 2433 2479 1641 2263 1845 2075 2057 2048 2503 
1498 2518 1845 2248 2381 1712 2048 2048 2071 2060 1593 2401 2594 1705 2321 1877 2094 2073 2048 2503 
1498 2518 1845 2248 2381 1712 2048 2048 2079 2066 1516 2350 2747 1808 2397 1928 2111 2085 2048 2503 
1498 2518 1845 2248 2381 1712 2048 2048 2086 2070 1459 2278 2863 1952 2455 2000 2125 2093 2048 2503 
1498 2518 1845 2248 2381 1712 2048 2048 2086 2070 1459 2278 2863 1952 2455 2000 2125 2093 2048 2503 
1498 2518 1845 2248 2381 1712 2048 2048 2086 2070 1459 2278 2863 1952 2455 2000 2125 2093 2048 2503 
1498 2518 1845 2248 2381 1712 2048 2048 2079 2066 1516 2350 2747 1808 2397 1928 2111 2085 2048 2503 
1498 2518 1845 2248 2381 1712 2048 2048 2071 2060 1593 2401 2594 1705 2321 1877 2094 2073 2048 2503 
1498 2518 1845 2248 2381 1712 2048 2048 2061 2052 1651 2433 2479 1641 2263 1845 2075 2057 2048 2503 
1498 2518 1845 2248 2381 1712 2048 2048 2052 2044 1652 2444 2477 1619 2262 1834 2057 2039 2048 2503 
1498 2518 1845 2248 2381 1712 2048 2048 2044 2035 1663 2445 2455 1617 2251 1833 2039 2021 2048 2503 
1498 2518 1845 2248 2381 1712 2048 2048 2036 2025 1695 2503 2391 1502 2219 1775 2023 2002 2048 2503 
1498 2518 1845 2248 2381 1712 2048 2048 2030 2017 1746 2580 2288 1349 2168 1699 2011 1985 2048 2503 
1498 2518 1845 2248 2381 1712 2048 2048 2026 2010 1818 2637 2144 1233 2096 1641 2003 1971 2048 2503 
1498 2518 1845 2248 2381 1712 2048 2048 2026 2010 1818 2637 2144 1233 2096 1641 2003 1971 2048 2503 
1498 2518 1845 2248 2381 1712 2048 2048 2026 2010 1818 2637 2144 1233 2096 1641 2003 1971 2048 2503 
1498 2518 1845 2248 2381 1712 2048 2048 2030 2017 1746 2580 2288 1349 2168 1699 2011 1985 2048 2503 
1498 2518 1845 2248 2381 1712 2048 2048 2036 2025 1695 2503 2391 1502 2219 1775 2023 2002 2048 2503 
1498 2518 1845 2248 2381 1712 2048 2048 2044 2035 1663 2445 2455 1617 2251 1833 2039 2021 2048 2503 
1498 2518 1845 2248 2381 1712 2048 2048 2052 2044 1652 2444 2477 1619 2262 1834 2057 2039 2048 2503 
1498 2518 1845 2248 2381 1712 2048 2048 2061 2052 1651 2433 2479 1641 2263 1845 2075 2057 2048 2503 
1498 2518 1845 2248 2381 1712 2048 2048 2071 2060 1593 2401 2594 1705 2321 1877 2094 2073 2048 2503 
1498 2518 1845 2248 2381 1712 2048 2048 2079 2066 1516 2350 2747 1808 2397 1928 2111 2085 2048 2503 
1498 2518 1845 2248 2381 1712 2048 2048 2086 2070 1459 2278 2863 1952 2455 2000 2125 2093 2048 2503 
1498 2518 1845 2248 2381 1712 2048 2048 2086 2070 1459 2278 2863 1952 2455 2000 2125 2093 2048 2503 
1498 2518 1845 2248 2381 1712 2048 2048 2086 2070 1459 2278 2863 1952 2455 2000 2125 2093 2048 2503 
1498 2518 1845 2248 2381 1712 2048 2048 2079 2066 1516 2350 2747 1808 2397 1928 2111 2085 2048 2503 
1498 2518 1845 2248 2381 1712 2048 2048 2071 2060 1593 2401 2594 1705 2321 1877 2094 2073 2048 2503 
1498 2518 1845 2248 2381 1712 2048 2048 2061 2052 1651 2433 2479 1641 2263 1845 2075 2057 2048 2503 
1498 2518 1845 2248 2381 1712 2048 2048 2052 2044 1652 2444 2477 1619 2262 1834 2057 2039 2048 2503 
1498 2518 1845 2248 2381 1712 2048 2048 2044 2035 1663 2445 2455 1617 2251 1833 2039 2021 2048 2503 
1498 2518 1845 2248 2381 1712 2048 2048 2036 2025 1695 2503 2391 1502 2219 1775 2023 2002 2048 2503 
1498 2518 1845 2248 2381 1712 2048 2048 2030 2017 1746 2580 2288 1349 2168 1699 2011 1985 2048 2503 
1498 2518 1845 2248 2381 1712 2048 2048 2026 2010 1818 2637 2144 1233 2096 1641 2003 1971 2048 2503 
1498 2518 1845 2248 2381 1712 2048 2048 2026 2010 1818 2637 2144 1233 2096 1641 2003 1971 2048 2503 
1498 2518 1845 2248 2381 1712 2048 2048 2026 2010 1818 2637 2144 1233 2096 1641 2003 1971 2048 2503 
1498 2518 1845 2248 2381 1712 2048 2048 2030 2017 1746 2580 2288 1349 2168 1699 2011 1985 2048 2503 
1498 2518 1845 2248 2381 1712 2048 2048 2036 2025 1695 2503 2391 1502 2219 1775 2023 2002 2048 2503 
1498 2518 1845 2248 2381 1712 2048 2048 2044 2035 1663 2445 2455 1617 2251 1833 2039 2021 2048 2503 
1498 2518 1845 2248 2381 1712 2048 2048 2052 2044 1652 2444 2477 1619 2262 1834 2057 2039 2048 2503 
1498 2518 1845 2248 2381 1712 2048 2048 2061 2052 1651 2433 2479 1641 2263 1845 2075 2057 2048 2503 
1498 2518 1845 2248 2381 1712 2048 2048 2071 2060 1593 2401 2594 1705 2321 1877 2094 2073 2048 2503 
1498 2518 1845 2248 2381 1712 2048 2048 2079 2066 1516 2350 2747 1808 2397 1928 2111 2085 2048 2503 
1498 2518 1845 2248 2381 1712 2048 2048 2086 2070 1459 2278 2863 1952 2455 2000 2125 2093 2048 2503 
1498 2518 1845 2248 2381 1712 2048 2048 2086 2070 1459 2278 2863 1952 2455 2000 2125 2093 2048 2503 
1498 2518 1845 2248 2381 1712 2048 2048 2086 2070 1459 2278 2863 1952 2455 2000 2125 2093 2048 2503 
1498 2518 1845 2248 2381 1712 2048 2048 2079 2066 1516 2350 2747 1808 2397 1928 2111 2085 2048 2503 
1498 2518 1845 2248 2381 1712 2048 2048 2071 2060 1593 2401 2594 1705 2321 1877 2094 2073 2048 2503 
1498 2518 1845 2248 2381 1712 2048 2048 2061 2052 1651 2433 2479 1641 2263 1845 2075 2057 2048 2503 
1498 2518 1845 2248 2381 1712 2048 2048 2052 2044 1652 2444 2477 1619 2262 1834 2057 2039 2048 2503 
1498 2518 1845 2248 2381 1712 2048 2048 2044 2035 1663 2445 2455 1617 2251 1833 2039 2021 2048 2503 
1498 2518 1845 2248 2381 1712 2048 2048 2036 2025 1695 2503 2391 1502 2219 1775 2023 2002 2048 2503 
1498 2518 1845 2248 2381 1712 2048 2048 2030 2017 1746 2580 2288 1349 2168 1699 2011 1985 2048 2503 
1498 2518 1845 2248 2381 1712 2048 2048 2026 2010 1818 2637 2144 1233 2096 1641 2003 1971 2048 2503 
1498 2518 1845 2248 2381 1712 2048 2048 2026 2010 1818 2637 2144 1233 2096 1641 2003 1971 2048 2503 
1498 2518 1845 2248 2381 1712 2048 2048 2026 2010 1818 2637 2144 1233 2096 1641 2003 1971 2048 2503 
1498 2518 1845 2248 2381 1712 2048 2048 2030 2017 1746 2580 2288 1349 2168 1699 2011 1985 2048 2503 
1498 2518 1845 2248 2381 1712 2048 2048 2036 2025 1695 2503 2391 1502 2219 1775 2023 2002 2048 2503 
1498 2518 1845 2248 2381 1712 2048 2048 2044 2035 1663 2445 2455 1617 2251 1833 2039 2021 2048 2503 
1498 2518 1845 2248 2381 1712 2048 2048 2052 2044 1652 2444 2477 1619 2262 1834 2057 2039 2048 2503 
1498 2518 1845 2248 2381 1712 2048 2048 2061 2052 1651 2433 2479 1641 2263 1845 2075 2057 2048 2503 
1498 2518 1845 2248 2381 1712 2048 2048 2071 2060 1593 2401 2594 1705 2321 1877 2094 2073 2048 2503 
1498 2518 1845 2248 2381 1712 2048 2048 2079 2066 1516 2350 2747 1808 2397 1928 2111 2085 2048 2503 
1498 2518 1845 2248 2381 1712 2048 2048 2086 2070 1459 2278 2863 1952 2455 2000 2125 2093 2048 2503 
1498 2518 1845 2248 2381 1712 2048 2048 2086 2070 1459 2278 2863 1952 2455 2000 2125 2093 2048 2503 
1498 2518 1845 2248 2381 1712 2048 2048 2086 2070 1459 2278 2863 1952 2455 2000 2125 2093 2048 2503 
1498 2518 1845 2248 2381 1712 2048 2048 2079 2066 1516 2350 2747 1808 2397 1928 2111 2085 2048 2503 
1498 2518 1845 2248 2381 1712 2048 2048 2071 2060 1593 2401 2594 1705 2321 1877 2094 2073 2048 2503 
1498 2518 1845 2248 2381 1712 2048 2048 2061 2052 1651 2433 2479 1641 2263 1845 2075 2057 2048 2503 
1498 2518 1845 2248 2381 1712 2048 2048 2052 2044 1652 2444 2477 1619 2262 1834 2057 2039 2048 2503 
1498 2518 1845 2248 2381 1712 2048 2048 2044 2035 1663 2445 2455 1617 2251 1833 2039 2021 2048 2503 
1498 2518 1845 2248 2381 1712 2048 2048 2036 2025 1695 2503 2391 1502 2219 1775 2023 2002 2048 2503 
1498 2518 1845 2248 2381 1712 2048 2048 2030 2017 1746 2580 2288 1349 2168 1699 2011 1985 2048 2503 
1498 2518 1845 2248 2381 1712 2048 2048 2026 2010 1818 2637 2144 1233 2096 1641 2003 1971 2048 2503 
1498 2518 1845 2248 2381 1712 2048 2048 2026 2010 1818 2637 2144 1233 2096 1641 2003 1971 2048 2503 
1498 2518 1845 2248 2381 1712 2048 2048 2026 2010 1818 2637 2144 1233 2096 1641 2003 1971 2048 2503 
1498 2518 1845 2248 2381 1712 2048 2048 2030 2017 1746 2580 2288 1349 2168 1699 2011 1985 2048 2503 
1498 2518 1845 2248 2381 1712 2048 2048 2036 2025 1695 2503 2391 1502 2219 1775 2023 2002 2048 2503 
1498 2518 1845 2248 2381 1712 2048 2048 2044 2035 1663 2445 2455 1617 2251 1833 2039 2021 2048 2503 
1498 2518 1845 2248 2381 1712 2048 2048 2052 2044 1652 2444 2477 1619 2262 1834 2057 2039 2048 2503 
1498 2518 1845 2248 2381 1712 2048 2048 2061 2052 1651 2433 2479 1641 2263 1845 2075 2057 2048 2503 
1498 2518 1845 2248 2381 1712 2048 2048 2071 2060 1593 2401 2594 1705 2321 1877 2094 2073 2048 2503 
1498 2518 1845 2248 2381 1712 2048 2048 2079 2066 1516 2350 2747 1808 2397 1928 2111 2085 2048 2503 
1498 2518 1845 2248 2381 1712 2048 2048 2086 2070 1459 2278 2863 1952 2455 2000 2125 2093 2048 2503 
1498 2518 1845 2248 2381 1712 2048 2048 2086 2070 1459 2278 2863 1952 2455 2000 2125 2093 2048 2503 
1498 2518 1845 2248 2381 1712 2048 2048 2086 2070 1459 2278 2863 1952 2455 2000 2125 2093 2048 2503 
1498 2518 1845 2248 2381 1712 2048 2048 2079 2066 1516 2350 2747 1808 2397 1928 2111 2085 2048 2503 
1498 2518 1845 2248 2381 1712 2048 2048 2071 2060 1593 2401 2594 1705 2321 1877 2094 2073 2048 2503 
1498 2518 1845 2248 2381 1712 2048 2048 2061 2052 1651 2433 2479 1641 2263 1845 2075 2057 2048 2503 
1498 2518 1845 2248 2381 1712 2048 2048 2052 2044 1652 2444 2477 1619 2262 1834 2057 2039 2048 2503 
1498 2518 1845 2248 2381 1712 2048 2048 2044 2035 1663 2445 2455 1617 2251 1833 2039 2021 2048 2503 
1498 2518 1845 2248 2381 1712 2048 2048 2036 2025 1695 2503 2391 1502 2219 1775 2023 2002 2048 2503 
1498 2518 1845 2248 2381 1712 2048 2048 2030 2017 1746 2580 2288 1349 2168 1699 2011 1985 2048 2503 
1498 2518 1845 2248 2381 1712 2048 2048 2026 2010 1818 2637 2144 1233 2096 1641 2003 1971 2048 2503 
1498 2518 1845 2248 2381 1712 2048 2048 2026 2010 1818 2637 2144 1233 2096 1641 2003 1971 2048 2503 
1498 2518 1845 2248 2381 1712 2048 2048 2026 2010 1818 2637 2144 1233 2096 1641 2003 1971 2048 2503 
1498 2518 1845 2248 2381 1712 2048 2048 2030 2017 1746 2580 2288 1349 2168 1699 2011 1985 2048 2503 
1498 2518 1845 2248 2381 1712 2048 2048 2036 2025 1695 2503 2391 1502 2219 1775 2023 2002 2048 2503 
1498 2518 1845 2248 2381 1712 2048 2048 2044 2035 1663 2445 2455 1617 2251 1833 2039 2021 2048 2503 
1498 2518 1845 2248 2381 1712 2048 2048 2052 2044 1652 2444 2477 1619 2262 1834 2057 2039 2048 2503 
1498 2518 1845 2248 2381 1712 2048 2048 2061 2052 1651 2433 2479 1641 2263 1845 2075 2057 2048 2503 
1498 2518 1845 2248 2381 1712 2048 2048 2071 2060 1593 2401 2594 1705 2321 1877 2094 2073 2048 2503 
1498 2518 1845 2248 2381 1712 2048 2048 2079 2066 1516 2350 2747 1808 2397 1928 2111 2085 2048 2503 
1498 2518 1845 2248 2381 1712 2048 2048 2086 2070 1459 2278 2863 1952 2455 2000 2125 2093 2048 2503 
1498 2518 1845 2248 2381 1712 2048 2048 2086 2070 1459 2278 2863 1952 2455 2000 2125 2093 2048 2503 
1498 2518 1845 2248 2381 1712 2048 2048 2086 2070 1459 2278 2863 1952 2455 2000 2125 2093 2048 2503 
1498 2518 1845 2248 2381 1712 2048 2048 2079 2066 1516 2350 2747 1808 2397 1928 2111 2085 2048 2503 
1498 2518 1845 2248 2381 1712 2048 2048 2071 2060 1593 2401 2594 1705 2321 1877 2094 2073 2048 2503 
1498 2518 1845 2248 2381 1712 2048 2048 2061 2052 1651 2433 2479 1641 2263 1845 2075 2057 2048 2503 
1498 2518 1845 2248 2381 1712 2048 2048 2052 2044 1652 2444 2477 1619 2262 1834 2057 2039 2048 2503 
1498 2518 1845 2248 2381 1712 2048 2048 2044 2035 1663 2445 2455 1617 2251 1833 2039 2021 2048 2503 
1498 2518 1845 2248 2381 1712 2048 2048 2036 2025 1695 2503 2391 1502 2219 1775 2023 2002 2048 2503 
1498 2518 1845 2248 2381 1712 2048 2048 2030 2017 1746 2580 2288 1349 2168 1699 2011 1985 2048 2503 
1498 2518 1845 2248 2381 1712 2048 2048 2026 2010 1818 2637 2144 1233 2096 1641 2003 1971 2048 2503 
1498 2518 1845 2248 2381 1712 2048 2048 2026 2010 1818 2637 2144 1233 2096 1641 2003 1971 2048 2503 
1498 2518 1845 2248 2381 1712 2048 2048 2026 2010 1818 2637 2144 1233 2096 1641 2003 1971 2048 2503 
1498 2518 1845 2248 2381 1712 2048 2048 2030 2017 1746 2580 2288 1349 2168 1699 2011 1985 2048 2503 
1498 2518 1845 2248 2381 1712 2048 2048 2036 2025 1695 2503 2391 1502 2219 1775 2023 2002 2048 2503 
1498 2518 1845 2248 2381 1712 2048 2048 2044 2035 1663 2445 2455 1617 2251 1833 2039 2021 2048 2503 
1498 2518 1845 2248 2381 1712 2048 2048 2052 2044 1652 2444 2477 1619 2262 1834 2057 2039 2048 2503 
1498 2518 1845 2248 2381 1712 2048 2048 2061 2052 1651 2433 2479 1641 2263 1845 2075 2057 2048 2503 
1498 2518 1845 2248 2381 1712 2048 2048 2071 2060 1593 2401 2594 1705 2321 1877 2094 2073 2048 2503 
1498 2518 1845 2248 2381 1712 2048 2048 2079 2066 1516 2350 2747 1808 2397 1928 2111 2085 2048 2503 
1498 2518 1845 2248 2381 1712 2048 2048 2086 2070 1459 2278 2863 1952 2455 2000 2125 2093 2048 2503 
1498 2518 1845 2248 2381 1712 2048 2048 2086 2070 1459 2278 2863 1952 2455 2000 2125 2093 2048 2503 
1498 2518 1845 2248 2381 1712 2048 2048 2086 2070 1459 2278 2863 1952 2455 2000 2125 2093 2048 2503 
1498 2518 1845 2248 2381 1712 2048 2048 2079 2066 1516 2350 2747 1808 2397 1928 2111 2085 2048 2503 
1498 2518 1845 2248 2381 1712 2048 2048 2071 2060 1593 2401 2594 1705 2321 1877 2094 2073 2048 2503 
1498 2518 1845 2248 2381 1712 2048 2048 2061 2052 1651 2433 2479 1641 2263 1845 2075 2057 2048 2503 
1498 2518 1845 2248 2381 1712 2048 2048 2052 2044 1652 2444 2477 1619 2262 1834 2057 2039 2048 2503 
1498 2518 1845 2248 2381 1712 2048 2048 2044 2035 1663 2445 2455 1617 2251 1833 2039 2021 2048 2503 
1498 2518 1845 2248 2381 1712 2048 2048 2036 2025 1695 2503 2391 1502 2219 1775 2023 2002 2048 2503 
1498 2518 1845 2248 2381 1712 2048 2048 2030 2017 1746 2580 2288 1349 2168 1699 2011 1985 2048 2503 
1498 2518 1845 2248 2381 1712 2048 2048 2026 2010 1818 2637 2144 1233 2096 1641 2003 1971 2048 2503 
1498 2518 1845 2248 2381 1712 2048 2048 2026 2010 1818 2637 2144 1233 2096 1641 2003 1971 2048 2503 
1498 2518 1845 2248 2381 1712 2048 2048 2026 2010 1818 2637 2144 1233 2096 1641 2003 1971 2048 2503 
1498 2518 1845 2248 2381 1712 2048 2048 2030 2017 1746 2580 2288 1349 2168 1699 2011 1985 2048 2503 
1498 2518 1845 2248 2381 1712 2048 2048 2036 2025 1695 2503 2391 1502 2219 1775 2023 2002 2048 2503 
1498 2518 1845 2248 2381 1712 2048 2048 2044 2035 1663 2445 2455 1617 2251 1833 2039 2021 2048 2503 
1498 2518 1845 2248 2381 1712 2048 2048 2052 2044 1652 2444 2477 1619 2262 1834 2057 2039 2048 2503 
1498 2518 1845 2248 2381 1712 2048 2048 2061 2052 1651 2433 2479 1641 2263 1845 2075 2057 2048 2503 
1498 2518 1845 2248 2381 1712 2048 2048 2071 2060 1593 2401 2594 1705 2321 1877 2094 2073 2048 2503 
1498 2518 1845 2248 2381 1712 2048 2048 2079 2066 1516 2350 2747 1808 2397 1928 2111 2085 2048 2503 
1498 2518 1845 2248 2381 1712 2048 2048 2086 2070 1459 2278 2863 1952 2455 2000 2125 2093 2048 2503 
1498 2518 1845 2248 2381 1712 2048 2048 2086 2070 1459 2278 2863 1952 2455 2000 2125 2093 2048 2503 
1498 2518 1845 2248 2381 1712 2048 2048 2086 2070 1459 2278 2863 1952 2455 2000 2125 2093 2048 2503 
1498 2518 1845 2248 2381 1712 2048 2048 2079 2066 1516 2350 2747 1808 2397 1928 2111 2085 2048 2503 
1498 2518 1845 2248 2381 1712 2048 2048 2071 2060 1593 2401 2594 1705 2321 1877 2094 2073 2048 2503 
1498 2518 1845 2248 2381 1712 2048 2048 2061 2052 1651 2433 2479 1641 2263 1845 2075 2057 2048 2503 
1498 2518 1845 2248 2381 1712 2048 2048 2052 2044 1652 2444 2477 1619 2262 1834 2057 2039 2048 2503 
1498 2518 1845 2248 2381 1712 2048 2048 2044 2035 1663 2445 2455 1617 2251 1833 2039 2021 2048 2503 
1498 2518 1845 2248 2381 1712 2048 2048 2036 2025 1695 2503 2391 1502 2219 1775 2023 2002 2048 2503 
1498 2518 1845 2248 2381 1712 2048 2048 2030 2017 1746 2580 2288 1349 2168 1699 2011 1985 2048 2503 
1498 2518 1845 2248 2381 1712 2048 2048 2026 2010 1818 2637 2144 1233 2096 1641 2003 1971 2048 2503 
1498 2518 1845 2248 2381 1712 2048 2048 2026 2010 1818 2637 2144 1233 2096 1641 2003 1971 2048 2503 
1498 2518 1845 2248 2381 1712 2048 2048 2026 2010 1818 2637 2144 1233 2096 1641 2003 1971 2048 2503 
1498 2518 1845 2248 2381 1712 2048 2048 2030 2017 1746 2580 2288 1349 2168 1699 2011 1985 2048 2503 
1498 2518 1845 2248 2381 1712 2048 2048 2036 2025 1695 2503 2391 1502 2219 1775 2023 2002 2048 2503 
1498 2518 1845 2248 2381 1712 2048 2048 2044 2035 1663 2445 2455 1617 2251 1833 2039 2021 2048 2503 
1498 2518 1845 2248 2381 1712 2048 2048 2052 2044 1652 2444 2477 1619 2262 1834 2057 2039 2048 2503 
1498 2518 1845 2248 2381 1712 2048 2048 2061 2052 1651 2433 2479 1641 2263 1845 2075 2057 2048 2503 
1498 2518 1845 2248 2381 1712 2048 2048 2071 2060 1593 2401 2594 1705 2321 1877 2094 2073 2048 2503 
1498 2518 1845 2248 2381 1712 2048 2048 2079 2066 1516 2350 2747 1808 2397 1928 2111 2085 2048 2503 
1498 2518 1845 2248 2381 1712 2048 2048 2086 2070 1459 2278 2863 1952 2455 2000 2125 2093 2048 2503 
1498 2518 1845 2248 2381 1712 2048 2048 2086 2070 1459 2278 2863 1952 2455 2000 2125 2093 2048 2503 
1498 2518 1845 2248 2381 1712 2048 2048 2086 2070 1459 2278 2863 1952 2455 2000 2125 2093 2048 2503 
1498 2518 1845 2248 2381 1712 2048 2048 2079 2066 1516 2350 2747 1808 2397 1928 2111 2085 2048 2503 
1498 2518 1845 2248 2381 1712 2048 2048 2071 2060 1593 2401 2594 1705 2321 1877 2094 2073 2048 2503 
1498 2518 1845 2248 2381 1712 2048 2048 2061 2052 1651 2433 2479 1641 2263 1845 2075 2057 2048 2503 
1498 2518 1845 2248 2381 1712 2048 2048 2052 2044 1652 2444 2477 1619 2262 1834 2057 2039 2048 2503 
1498 2518 1845 2248 2381 1712 2048 2048 2044 2035 1663 2445 2455 1617 2251 1833 2039 2021 2048 2503 
1498 2518 1845 2248 2381 1712 2048 2048 2036 2025 1695 2503 2391 1502 2219 1775 2023 2002 2048 2503 
1498 2518 1845 2248 2381 1712 2048 2048 2030 2017 1746 2580 2288 1349 2168 1699 2011 1985 2048 2503 
1498 2518 1845 2248 2381 1712 2048 2048 2026 2010 1818 2637 2144 1233 2096 1641 2003 1971 2048 2503 
1498 2518 1845 2248 2381 1712 2048 2048 2026 2010 1818 2637 2144 1233 2096 1641 2003 1971 2048 2503 
1498 2518 1845 2248 2381 1712 2048 2048 2026 2010 1818 2637 2144 1233 2096 1641 2003 1971 2048 2503 
1498 2518 1845 2248 2381 1712 2048 2048 2030 2017 1746 2580 2288 1349 2168 1699 2011 1985 2048 2503 
1498 2518 1845 2248 2381 1712 2048 2048 2036 2025 1695 2503 2391 1502 2219 1775 2023 2002 2048 2503 
1498 2518 1845 2248 2381 1712 2048 2048 2044 2035 1663 2445 2455 1617 2251 1833 2039 2021 2048 2503 
1498 2518 1845 2248 2381 1712 2048 2048 2052 2044 1652 2444 2477 1619 2262 1834 2057 2039 2048 2503 
1498 2518 1845 2248 2381 1712 2048 2048 2061 2052 1651 2433 2479 1641 2263 1845 2075 2057 2048 2503 
1498 2518 1845 2248 2381 1712 2048 2048 2071 2060 1593 2401 2594 1705 2321 1877 2094 2073 2048 2503 
1498 2518 1845 2248 2381 1712 2048 2048 2079 2066 1516 2350 2747 1808 2397 1928 2111 2085 2048 2503 
1498 2518 1845 2248 2381 1712 2048 2048 2086 2070 1459 2278 2863 1952 2455 2000 2125 2093 2048 2503 
1498 2518 1845 2248 2381 1712 2048 2048 2086 2070 1459 2278 2863 1952 2455 2000 2125 2093 2048 2503 
1498 2518 1845 2248 2381 1712 2048 2048 2086 2070 1459 2278 2863 1952 2455 2000 2125 2093 2048 2503 
1498 2518 1845 2248 2381 1712 2048 2048 2079 2066 1516 2350 2747 1808 2397 1928 2111 2085 2048 2503 
1498 2518 1845 2248 2381 1712 2048 2048 2071 2060 1593 2401 2594 1705 2321 1877 2094 2073 2048 2503 
1498 2518 1845 2248 2381 1712 2048 2048 2061 2052 1651 2433 2479 1641 2263 1845 2075 2057 2048 2503 
1498 2518 1845 2248 2381 1712 2048 2048 2052 2044 1652 2444 2477 1619 2262 1834 2057 2039 2048 2503 
1498 2518 1845 2248 2381 1712 2048 2048 2044 2035 1663 2445 2455 1617 2251 1833 2039 2021 2048 2503 
1498 2518 1845 2248 2381 1712 2048 2048 2036 2025 1695 2503 2391 1502 2219 1775 2023 2002 2048 2503 
1498 2518 1845 2248 2381 1712 2048 2048 2030 2017 1746 2580 2288 1349 2168 1699 2011 1985 2048 2503 
1498 2518 1845 2248 2381 1712 2048 2048 2026 2010 1818 2637 2144 1233 2096 1641 2003 1971 2048 2503 
1498 2518 1845 2248 2381 1712 2048 2048 2026 2010 1818 2637 2144 1233 2096 1641 2003 1971 2048 2503 
1498 2518 1845 2248 2381 1712 2048 2048 2026 2010 1818 2637 2144 1233 2096 1641 2003 1971 2048 2503 
1498 2518 1845 2248 2381 1712 2048 2048 2030 2017 1746 2580 2288 1349 2168 1699 2011 1985 2048 2503 
1498 2518 1845 2248 2381 1712 2048 2048 2036 2025 1695 2503 2391 1502 2219 1775 2023 2002 2048 2503 
1498 2518 1845 2248 2381 1712 2048 2048 2044 2035 1663 2445 2455 1617 2251 1833 2039 2021 2048 2503 
1498 2518 1845 2248 2381 1712 2048 2048 2052 2044 1652 2444 2477 1619 2262 1834 2057 2039 2048 2503 
1498 2518 1845 2248 2381 1712 2048 2048 2061 2052 1651 2433 2479 1641 2263 1845 2075 2057 2048 2503 
1498 2518 1845 2248 2381 1712 2048 2048 2071 2060 1593 2401 2594 1705 2321 1877 2094 2073 2048 2503 
1498 2518 1845 2248 2381 1712 2048 2048 2079 2066 1516 2350 2747 1808 2397 1928 2111 2085 2048 2503 
1498 2518 1845 2248 2381 1712 2048 2048 2086 2070 1459 2278 2863 1952 2455 2000 2125 2093 2048 2503 
1498 2518 1845 2248 2381 1712 2048 2048 2086 2070 1459 2278 2863 1952 2455 2000 2125 2093 2048 2503 
1498 2518 1845 2248 2381 1712 2048 2048 2086 2070 1459 2278 2863 1952 2455 2000 2125 2093 2048 2503 
1498 2518 1845 2248 2381 1712 2048 2048 2079 2066 1516 2350 2747 1808 2397 1928 2111 2085 2048 2503 
1498 2518 1845 2248 2381 1712 2048 2048 2071 2060 1593 2401 2594 1705 2321 1877 2094 2073 2048 2503 
1498 2518 1845 2248 2381 1712 2048 2048 2061 2052 1651 2433 2479 1641 2263 1845 2075 2057 2048 2503 
1498 2518 1845 2248 2381 1712 2048 2048 2052 2044 1652 2444 2477 1619 2262 1834 2057 2039 2048 2503 
1498 2518 1845 2248 2381 1712 2048 2048 2044 2035 1663 2445 2455 1617 2251 1833 2039 2021 2048 2503 
1498 2518 1845 2248 2381 1712 2048 2048 2036 2025 1695 2503 2391 1502 2219 1775 2023 2002 2048 2503 
1498 2518 1845 2248 2381 1712 2048 2048 2030 2017 1746 2580 2288 1349 2168 1699 2011 1985 2048 2503 
1498 2518 1845 2248 2381 1712 2048 2048 2026 2010 1818 2637 2144 1233 2096 1641 2003 1971 2048 2503 
1498 2518 1845 2248 2381 1712 2048 2048 2026 2010 1818 2637 2144 1233 2096 1641 2003 1971 2048 2503 
1498 2518 1845 2248 2381 1712 2048 2048 2026 2010 1818 2637 2144 1233 2096 1641 2003 1971 2048 2503 
1498 2518 1845 2248 2381 1712 2048 2048 2030 2017 1746 2580 2288 1349 2168 1699 2011 1985 2048 2503 
1498 2518 1845 2248 2381 1712 2048 2048 2036 2025 1695 2503 2391 1502 2219 1775 2023 2002 2048 2503 
1498 2518 1845 2248 2381 1712 2048 2048 2044 2035 1663 2445 2455 1617 2251 1833 2039 2021 2048 2503 
1498 2518 1845 2248 2381 1712 2048 2048 2052 2044 1652 2444 2477 1619 2262 1834 2057 2039 2048 2503 
1498 2518 1845 2248 2381 1712 2048 2048 2061 2052 1651 2433 2479 1641 2263 1845 2075 2057 2048 2503 
1498 2518 1845 2248 2381 1712 2048 2048 2071 2060 1593 2401 2594 1705 2321 1877 2094 2073 2048 2503 
1498 2518 1845 2248 2381 1712 2048 2048 2079 2066 1516 2350 2747 1808 2397 1928 2111 2085 2048 2503 
1498 2518 1845 2248 2381 1712 2048 2048 2086 2070 1459 2278 2863 1952 2455 2000 2125 2093 2048 2503 
1498 2518 1845 2248 2381 1712 2048 2048 2086 2070 1459 2278 2863 1952 2455 2000 2125 2093 2048 2503 
1498 2518 1845 2248 2381 1712 2048 2048 2086 2070 1459 2278 2863 1952 2455 2000 2125 2093 2048 2503 
1498 2518 1845 2248 2381 1712 2048 2048 2079 2066 1516 2350 2747 1808 2397 1928 2111 2085 2048 2503 
1498 2518 1845 2248 2381 1712 2048 2048 2071 2060 1593 2401 2594 1705 2321 1877 2094 2073 2048 2503 
1498 2518 1845 2248 2381 1712 2048 2048 2061 2052 1651 2433 2479 1641 2263 1845 2075 2057 2048 2503 
1498 2518 1845 2248 2381 1712 2048 2048 2052 2044 1652 2444 2477 1619 2262 1834 2057 2039 2048 2503 
1498 2518 1845 2248 2381 1712 2048 2048 2044 2035 1663 2445 2455 1617 2251 1833 2039 2021 2048 2503 
1498 2518 1845 2248 2381 1712 2048 2048 2036 2025 1695 2503 2391 1502 2219 1775 2023 2002 2048 2503 
1498 2518 1845 2248 2381 1712 2048 2048 2030 2017 1746 2580 2288 1349 2168 1699 2011 1985 2048 2503 
1498 2518 1845 2248 2381 1712 2048 2048 2026 2010 1818 2637 2144 1233 2096 1641 2003 1971 2048 2503 
1498 2518 1845 2248 2381 1712 2048 2048 2026 2010 1818 2637 2144 1233 2096 1641 2003 1971 2048 2503 
1498 2518 1845 2248 2381 1712 2048 2048 2026 2010 1818 2637 2144 1233 2096 1641 2003 1971 2048 2503 
1498 2518 1845 2248 2381 1712 2048 2048 2030 2017 1746 2580 2288 1349 2168 1699 2011 1985 2048 2503 
1498 2518 1845 2248 2381 1712 2048 2048 2036 2025 1695 2503 2391 1502 2219 1775 2023 2002 2048 2503 
1498 2518 1845 2248 2381 1712 2048 2048 2044 2035 1663 2445 2455 1617 2251 1833 2039 2021 2048 2503 
1498 2518 1845 2248 2381 1712 2048 2048 2052 2044 1652 2444 2477 1619 2262 1834 2057 2039 2048 2503 
1498 2518 1845 2248 2381 1712 2048 2048 2061 2052 1651 2433 2479 1641 2263 1845 2075 2057 2048 2503 
1498 2518 1845 2248 2381 1712 2048 2048 2071 2060 1593 2401 2594 1705 2321 1877 2094 2073 2048 2503 
1498 2518 1845 2248 2381 1712 2048 2048 2079 2066 1516 2350 2747 1808 2397 1928 2111 2085 2048 2503 
1498 2518 1845 2248 2381 1712 2048 2048 2086 2070 1459 2278 2863 1952 2455 2000 2125 2093 2048 2503 
1498 2518 1845 2248 2381 1712 2048 2048 2086 2070 1459 2278 2863 1952 2455 2000 2125 2093 2048 2503 
1498 2518 1845 2248 2381 1712 2048 2048 2086 2070 1459 2278 2863 1952 2455 2000 2125 2093 2048 2503 
1498 2518 1845 2248 2381 1712 2048 2048 2079 2066 1516 2350 2747 1808 2397 1928 2111 2085 2048 2503 
1498 2518 1845 2248 2381 1712 2048 2048 2071 2060 1593 2401 2594 1705 2321 1877 2094 2073 2048 2503 
1498 2518 1845 2248 2381 1712 2048 2048 2061 2052 1651 2433 2479 1641 2263 1845 2075 2057 2048 2503 
1498 2518 1845 2248 2381 1712 2048 2048 2052 2044 1652 2444 2477 1619 2262 1834 2057 2039 2048 2503 
1498 2518 1845 2248 2381 1712 2048 2048 2044 2035 1663 2445 2455 1617 2251 1833 2039 2021 2048 2503 
1498 2518 1845 2248 2381 1712 2048 2048 2036 2025 1695 2503 2391 1502 2219 1775 2023 2002 2048 2503 
1498 2518 1845 2248 2381 1712 2048 2048 2030 2017 1746 2580 2288 1349 2168 1699 2011 1985 2048 2503 
1498 2518 1845 2248 2381 1712 2048 2048 2026 2010 1818 2637 2144 1233 2096 1641 2003 1971 2048 2503 
1498 2518 1845 2248 2381 1712 2048 2048 2026 2010 1818 2637 2144 1233 2096 1641 2003 1971 2048 2503 
1498 2518 1845 2248 2381 1712 2048 2048 2026 2010 1818 2637 2144 1233 2096 1641 2003 1971 2048 2503 
1498 2518 1845 2248 2381 1712 2048 2048 2030 2017 1746 2580 2288 1349 2168 1699 2011 1985 2048 2503 
1498 2518 1845 2248 2381 1712 2048 2048 2036 2025 1695 2503 2391 1502 2219 1775 2023 2002 2048 2503 
1498 2518 1845 2248 2381 1712 2048 2048 2044 2035 1663 2445 2455 1617 2251 1833 2039 2021 2048 2503 
1498 2518 1845 2248 2381 1712 2048 2048 2052 2044 1652 2444 2477 1619 2262 1834 2057 2039 2048 2503 
1498 2518 1845 2248 2381 1712 2048 2048 2061 2052 1651 2433 2479 1641 2263 1845 2075 2057 2048 2503 
1498 2518 1845 2248 2381 1712 2048 2048 2071 2060 1593 2401 2594 1705 2321 1877 2094 2073 2048 2503 
1498 2518 1845 2248 2381 1712 2048 2048 2079 2066 1516 2350 2747 1808 2397 1928 2111 2085 2048 2503 
1498 2518 1845 2248 2381 1712 2048 2048 2086 2070 1459 2278 2863 1952 2455 2000 2125 2093 2048 2503 
1498 2518 1845 2248 2381 1712 2048 2048 2086 2070 1459 2278 2863 1952 2455 2000 2125 2093 2048 2503 
1498 2518 1845 2248 2381 1712 2048 2048 2086 2070 1459 2278 2863 1952 2455 2000 2125 2093 2048 2503 
1498 2518 1845 2248 2381 1712 2048 2048 2079 2066 1516 2350 2747 1808 2397 1928 2111 2085 2048 2503 
1498 2518 1845 2248 2381 1712 2048 2048 2071 2060 1593 2401 2594 1705 2321 1877 2094 2073 2048 2503 
1498 2518 1845 2248 2381 1712 2048 2048 2061 2052 1651 2433 2479 1641 2263 1845 2075 2057 2048 2503 
1498 2518 1845 2248 2381 1712 2048 2048 2052 2044 1652 2444 2477 1619 2262 1834 2057 2039 2048 2503 
1498 2518 1845 2248 2381 1712 2048 2048 2044 2035 1663 2445 2455 1617 2251 1833 2039 2021 2048 2503 
1498 2518 1845 2248 2381 1712 2048 2048 2036 2025 1695 2503 2391 1502 2219 1775 2023 2002 2048 2503 
1498 2518 1845 2248 2381 1712 2048 2048 2030 2017 1746 2580 2288 1349 2168 1699 2011 1985 2048 2503 
1498 2518 1845 2248 2381 1712 2048 2048 2026 2010 1818 2637 2144 1233 2096 1641 2003 1971 2048 2503 
1498 2518 1845 2248 2381 1712 2048 2048 2026 2010 1818 2637 2144 1233 2096 1641 2003 1971 2048 2503 
1498 2518 1845 2248 2381 1712 2048 2048 2026 2010 1818 2637 2144 1233 2096 1641 2003 1971 2048 2503 
1498 2518 1845 2248 2381 1712 2048 2048 2030 2017 1746 2580 2288 1349 2168 1699 2011 1985 2048 2503 
1498 2518 1845 2248 2381 1712 2048 2048 2036 2025 1695 2503 2391 1502 2219 1775 2023 2002 2048 2503 
1498 2518 1845 2248 2381 1712 2048 2048 2044 2035 1663 2445 2455 1617 2251 1833 2039 2021 2048 2503 
1498 2518 1845 2248 2381 1712 2048 2048 2052 2044 1652 2444 2477 1619 2262 1834 2057 2039 2048 2503 
1498 2518 1845 2248 2381 1712 2048 2048 2061 2052 1651 2433 2479 1641 2263 1845 2075 2057 2048 2503 
1498 2518 1845 2248 2381 1712 2048 2048 2071 2060 1593 2401 2594 1705 2321 1877 2094 2073 2048 2503 
1498 2518 1845 2248 2381 1712 2048 2048 2079 2066 1516 2350 2747 1808 2397 1928 2111 2085 2048 2503 
1498 2518 1845 2248 2381 1712 2048 2048 2086 2070 1459 2278 2863 1952 2455 2000 2125 2093 2048 2503 
1498 2518 1845 2248 2381 1712 2048 2048 2086 2070 1459 2278 2863 1952 2455 2000 2125 2093 2048 2503 
1498 2518 1845 2248 2381 1712 2048 2048 2086 2070 1459 2278 2863 1952 2455 2000 2125 2093 2048 2503 
1498 2518 1845 2248 2381 1712 2048 2048 2079 2066 1516 2350 2747 1808 2397 1928 2111 2085 2048 2503 
1498 2518 1845 2248 2381 1712 2048 2048 2071 2060 1593 2401 2594 1705 2321 1877 2094 2073 2048 2503 
1498 2518 1845 2248 2381 1712 2048 2048 2061 2052 1651 2433 2479 1641 2263 1845 2075 2057 2048 2503 
1498 2518 1845 2248 2381 1712 2048 2048 2052 2044 1652 2444 2477 1619 2262 1834 2057 2039 2048 2503 
1498 2518 1845 2248 2381 1712 2048 2048 2044 2035 1663 2445 2455 1617 2251 1833 2039 2021 2048 2503 
1498 2518 1845 2248 2381 1712 2048 2048 2036 2025 1695 2503 2391 1502 2219 1775 2023 2002 2048 2503 
1498 2518 1845 2248 2381 1712 2048 2048 2030 2017 1746 2580 2288 1349 2168 1699 2011 1985 2048 2503 
1498 2518 1845 2248 2381 1712 2048 2048 2026 2010 1818 2637 2144 1233 2096 1641 2003 1971 2048 2503 
1498 2518 1845 2248 2381 1712 2048 2048 2026 2010 1818 2637 2144 1233 2096 1641 2003 1971 2048 2503 
1498 2518 1845 2248 2381 1712 2048 2048 2026 2010 1818 2637 2144 1233 2096 1641 2003 1971 2048 2503 
1498 2518 1845 2248 2381 1712 2048 2048 2030 2017 1746 2580 2288 1349 2168 1699 2011 1985 2048 2503 
1498 2518 1845 2248 2381 1712 2048 2048 2036 2025 1695 2503 2391 1502 2219 1775 2023 2002 2048 2503 
1498 2518 1845 2248 2381 1712 2048 2048 2044 2035 1663 2445 2455 1617 2251 1833 2039 2021 2048 2503 
1498 2518 1845 2248 2381 1712 2048 2048 2052 2044 1652 2444 2477 1619 2262 1834 2057 2039 2048 2503 
1498 2518 1845 2248 2381 1712 2048 2048 2061 2052 1651 2433 2479 1641 2263 1845 2075 2057 2048 2503 
1498 2518 1845 2248 2381 1712 2048 2048 2071 2060 1593 2401 2594 1705 2321 1877 2094 2073 2048 2503 
1498 2518 1845 2248 2381 1712 2048 2048 2079 2066 1516 2350 2747 1808 2397 1928 2111 2085 2048 2503 
1498 2518 1845 2248 2381 1712 2048 2048 2086 2070 1459 2278 2863 1952 2455 2000 2125 2093 2048 2503 
1498 2518 1845 2248 2381 1712 2048 2048 2086 2070 1459 2278 2863 1952 2455 2000 2125 2093 2048 2503 
1498 2518 1845 2248 2381 1712 2048 2048 2086 2070 1459 2278 2863 1952 2455 2000 2125 2093 2048 2503 
1498 2518 1845 2248 2381 1712 2048 2048 2079 2066 1516 2350 2747 1808 2397 1928 2111 2085 2048 2503 
1498 2518 1845 2248 2381 1712 2048 2048 2071 2060 1593 2401 2594 1705 2321 1877 2094 2073 2048 2503 
1498 2518 1845 2248 2381 1712 2048 2048 2061 2052 1651 2433 2479 1641 2263 1845 2075 2057 2048 2503 
1498 2518 1845 2248 2381 1712 2048 2048 2052 2044 1652 2444 2477 1619 2262 1834 2057 2039 2048 2503 
1498 2518 1845 2248 2381 1712 2048 2048 2044 2035 1663 2445 2455 1617 2251 1833 2039 2021 2048 2503 
1498 2518 1845 2248 2381 1712 2048 2048 2036 2025 1695 2503 2391 1502 2219 1775 2023 2002 2048 2503 
1498 2518 1845 2248 2381 1712 2048 2048 2030 2017 1746 2580 2288 1349 2168 1699 2011 1985 2048 2503 
1498 2518 1845 2248 2381 1712 2048 2048 2026 2010 1818 2637 2144 1233 2096 1641 2003 1971 2048 2503 
1498 2518 1845 2248 2381 1712 2048 2048 2026 2010 1818 2637 2144 1233 2096 1641 2003 1971 2048 2503 
1498 2518 1845 2248 2381 1712 2048 2048 2026 2010 1818 2637 2144 1233 2096 1641 2003 1971 2048 2503 
1498 2518 1845 2248 2381 1712 2048 2048 2030 2017 1746 2580 2288 1349 2168 1699 2011 1985 2048 2503 
1498 2518 1845 2248 2381 1712 2048 2048 2036 2025 1695 2503 2391 1502 2219 1775 2023 2002 2048 2503 
1498 2518 1845 2248 2381 1712 2048 2048 2044 2035 1663 2445 2455 1617 2251 1833 2039 2021 2048 2503 
1498 2518 1845 2248 2381 1712 2048 2048 2052 2044 1652 2444 2477 1619 2262 1834 2057 2039 2048 2503 
1498 2518 1845 2248 2381 1712 2048 2048 2061 2052 1651 2433 2479 1641 2263 1845 2075 2057 2048 2503 
1498 2518 1845 2248 2381 1712 2048 2048 2071 2060 1593 2401 2594 1705 2321 1877 2094 2073 2048 2503 
1498 2518 1845 2248 2381 1712 2048 2048 2079 2066 1516 2350 2747 1808 2397 1928 2111 2085 2048 2503 
1498 2518 1845 2248 2381 1712 2048 2048 2086 2070 1459 2278 2863 1952 2455 2000 2125 2093 2048 2503 
1498 2518 1845 2248 2381 1712 2048 2048 2086 2070 1459 2278 2863 1952 2455 2000 2125 2093 2048 2503 
1498 2518 1845 2248 2381 1712 2048 2048 2086 2070 1459 2278 2863 1952 2455 2000 2125 2093 2048 2503 
1498 2518 1845 2248 2381 1712 2048 2048 2079 2066 1516 2350 2747 1808 2397 1928 2111 2085 2048 2503 
1498 2518 1845 2248 2381 1712 2048 2048 2071 2060 1593 2401 2594 1705 2321 1877 2094 2073 2048 2503 
1498 2518 1845 2248 2381 1712 2048 2048 2061 2052 1651 2433 2479 1641 2263 1845 2075 2057 2048 2503 
1498 2518 1845 2248 2381 1712 2048 2048 2052 2044 1652 2444 2477 1619 2262 1834 2057 2039 2048 2503 
1498 2518 1845 2248 2381 1712 2048 2048 2044 2035 1663 2445 2455 1617 2251 1833 2039 2021 2048 2503 
1498 2518 1845 2248 2381 1712 2048 2048 2036 2025 1695 2503 2391 1502 2219 1775 2023 2002 2048 2503 
1498 2518 1845 2248 2381 1712 2048 2048 2030 2017 1746 2580 2288 1349 2168 1699 2011 1985 2048 2503 
1498 2518 1845 2248 2381 1712 2048 2048 2026 2010 1818 2637 2144 1233 2096 1641 2003 1971 2048 2503 
1498 2518 1845 2248 2381 1712 2048 2048 2026 2010 1818 2637 2144 1233 2096 1641 2003 1971 2048 2503 
1498 2518 1845 2248 2381 1712 2048 2048 2026 2010 1818 2637 2144 1233 2096 1641 2003 1971 2048 2503 
1498 2518 1845 2248 2381 1712 2048 2048 2030 2017 1746 2580 2288 1349 2168 1699 2011 1985 2048 2503 
1498 2518 1845 2248 2381 1712 2048 2048 2036 2025 1695 2503 2391 1502 2219 1775 2023 2002 2048 2503 
1498 2518 1845 2248 2381 1712 2048 2048 2044 2035 1663 2445 2455 1617 2251 1833 2039 2021 2048 2503 
1498 2518 1845 2248 2381 1712 2048 2048 2052 2044 1652 2444 2477 1619 2262 1834 2057 2039 2048 2503 
1498 2518 1845 2248 2381 1712 2048 2048 2061 2052 1651 2433 2479 1641 2263 1845 2075 2057 2048 2503 
1498 2518 1845 2248 2381 1712 2048 2048 2071 2060 1593 2401 2594 1705 2321 1877 2094 2073 2048 2503 
1498 2518 1845 2248 2381 1712 2048 2048 2079 2066 1516 2350 2747 1808 2397 1928 2111 2085 2048 2503 
1498 2518 1845 2248 2381 1712 2048 2048 2086 2070 1459 2278 2863 1952 2455 2000 2125 2093 2048 2503 
1498 2518 1845 2248 2381 1712 2048 2048 2086 2070 1459 2278 2863 1952 2455 2000 2125 2093 2048 2503 
1498 2518 1845 2248 2381 1712 2048 2048 2086 2070 1459 2278 2863 1952 2455 2000 2125 2093 2048 2503 
1498 2518 1845 2248 2381 1712 2048 2048 2079 2066 1516 2350 2747 1808 2397 1928 2111 2085 2048 2503 
1498 2518 1845 2248 2381 1712 2048 2048 2071 2060 1593 2401 2594 1705 2321 1877 2094 2073 2048 2503 
1498 2518 1845 2248 2381 1712 2048 2048 2061 2052 1651 2433 2479 1641 2263 1845 2075 2057 2048 2503 
1498 2518 1845 2248 2381 1712 2048 2048 2052 2044 1652 2444 2477 1619 2262 1834 2057 2039 2048 2503 
1498 2518 1845 2248 2381 1712 2048 2048 2044 2035 1663 2445 2455 1617 2251 1833 2039 2021 2048 2503 
1498 2518 1845 2248 2381 1712 2048 2048 2036 2025 1695 2503 2391 1502 2219 1775 2023 2002 2048 2503 
1498 2518 1845 2248 2381 1712 2048 2048 2030 2017 1746 2580 2288 1349 2168 1699 2011 1985 2048 2503 
1498 2518 1845 2248 2381 1712 2048 2048 2026 2010 1818 2637 2144 1233 2096 1641 2003 1971 2048 2503 
1498 2518 1845 2248 2381 1712 2048 2048 2026 2010 1818 2637 2144 1233 2096 1641 2003 1971 2048 2503 
1498 2518 1845 2248 2381 1712 2048 2048 2026 2010 1818 2637 2144 1233 2096 1641 2003 1971 2048 2503 
1498 2518 1845 2248 2381 1712 2048 2048 2030 2017 1746 2580 2288 1349 2168 1699 2011 1985 2048 2503 
1498 2518 1845 2248 2381 1712 2048 2048 2036 2025 1695 2503 2391 1502 2219 1775 2023 2002 2048 2503 
1498 2518 1845 2248 2381 1712 2048 2048 2044 2035 1663 2445 2455 1617 2251 1833 2039 2021 2048 2503 
1498 2518 1845 2248 2381 1712 2048 2048 2052 2044 1652 2444 2477 1619 2262 1834 2057 2039 2048 2503 
1498 2518 1845 2248 2381 1712 2048 2048 2061 2052 1651 2433 2479 1641 2263 1845 2075 2057 2048 2503 
1498 2518 1845 2248 2381 1712 2048 2048 2071 2060 1593 2401 2594 1705 2321 1877 2094 2073 2048 2503 
1498 2518 1845 2248 2381 1712 2048 2048 2079 2066 1516 2350 2747 1808 2397 1928 2111 2085 2048 2503 
1498 2518 1845 2248 2381 1712 2048 2048 2086 2070 1459 2278 2863 1952 2455 2000 2125 2093 2048 2503 
1498 2518 1845 2248 2381 1712 2048 2048 2086 2070 1459 2278 2863 1952 2455 2000 2125 2093 2048 2503 
1498 2518 1845 2248 2381 1712 2048 2048 2086 2070 1459 2278 2863 1952 2455 2000 2125 2093 2048 2503 
1498 2518 1845 2248 2381 1712 2048 2048 2079 2066 1516 2350 2747 1808 2397 1928 2111 2085 2048 2503 
1498 2518 1845 2248 2381 1712 2048 2048 2071 2060 1593 2401 2594 1705 2321 1877 2094 2073 2048 2503 
1498 2518 1845 2248 2381 1712 2048 2048 2061 2052 1651 2433 2479 1641 2263 1845 2075 2057 2048 2503 
1498 2518 1845 2248 2381 1712 2048 2048 2052 2044 1652 2444 2477 1619 2262 1834 2057 2039 2048 2503 
1498 2518 1845 2248 2381 1712 2048 2048 2044 2035 1663 2445 2455 1617 2251 1833 2039 2021 2048 2503 
1498 2518 1845 2248 2381 1712 2048 2048 2036 2025 1695 2503 2391 1502 2219 1775 2023 2002 2048 2503 
1498 2518 1845 2248 2381 1712 2048 2048 2030 2017 1746 2580 2288 1349 2168 1699 2011 1985 2048 2503 
1498 2518 1845 2248 2381 1712 2048 2048 2026 2010 1818 2637 2144 1233 2096 1641 2003 1971 2048 2503 
1498 2518 1845 2248 2381 1712 2048 2048 2026 2010 1818 2637 2144 1233 2096 1641 2003 1971 2048 2503 
1498 2518 1845 2248 2381 1712 2048 2048 2026 2010 1818 2637 2144 1233 2096 1641 2003 1971 2048 2503 
1498 2518 1845 2248 2381 1712 2048 2048 2030 2017 1746 2580 2288 1349 2168 1699 2011 1985 2048 2503 
1498 2518 1845 2248 2381 1712 2048 2048 2036 2025 1695 2503 2391 1502 2219 1775 2023 2002 2048 2503 
1498 2518 1845 2248 2381 1712 2048 2048 2044 2035 1663 2445 2455 1617 2251 1833 2039 2021 2048 2503 
1498 2518 1845 2248 2381 1712 2048 2048 2052 2044 1652 2444 2477 1619 2262 1834 2057 2039 2048 2503 
1498 2518 1845 2248 2381 1712 2048 2048 2061 2052 1651 2433 2479 1641 2263 1845 2075 2057 2048 2503 
1498 2518 1845 2248 2381 1712 2048 2048 2071 2060 1593 2401 2594 1705 2321 1877 2094 2073 2048 2503 
1498 2518 1845 2248 2381 1712 2048 2048 2079 2066 1516 2350 2747 1808 2397 1928 2111 2085 2048 2503 
1498 2518 1845 2248 2381 1712 2048 2048 2086 2070 1459 2278 2863 1952 2455 2000 2125 2093 2048 2503 
1498 2518 1845 2248 2381 1712 2048 2048 2086 2070 1459 2278 2863 1952 2455 2000 2125 2093 2048 2503 
1498 2518 1845 2248 2381 1712 2048 2048 2086 2070 1459 2278 2863 1952 2455 2000 2125 2093 2048 2503 
1498 2518 1845 2248 2381 1712 2048 2048 2079 2066 1516 2350 2747 1808 2397 1928 2111 2085 2048 2503 
1498 2518 1845 2248 2381 1712 2048 2048 2071 2060 1593 2401 2594 1705 2321 1877 2094 2073 2048 2503 
1498 2518 1845 2248 2381 1712 2048 2048 2061 2052 1651 2433 2479 1641 2263 1845 2075 2057 2048 2503 
1498 2518 1845 2248 2381 1712 2048 2048 2052 2044 1652 2444 2477 1619 2262 1834 2057 2039 2048 2503 
1498 2518 1845 2248 2381 1712 2048 2048 2044 2035 1663 2445 2455 1617 2251 1833 2039 2021 2048 2503 
1498 2518 1845 2248 2381 1712 2048 2048 2036 2025 1695 2503 2391 1502 2219 1775 2023 2002 2048 2503 
1498 2518 1845 2248 2381 1712 2048 2048 2030 2017 1746 2580 2288 1349 2168 1699 2011 1985 2048 2503 
1498 2518 1845 2248 2381 1712 2048 2048 2026 2010 1818 2637 2144 1233 2096 1641 2003 1971 2048 2503 
1498 2518 1845 2248 2381 1712 2048 2048 2026 2010 1818 2637 2144 1233 2096 1641 2003 1971 2048 2503 
1498 2518 1845 2248 2381 1712 2048 2048 2026 2010 1818 2637 2144 1233 2096 1641 2003 1971 2048 2503 
1498 2518 1845 2248 2381 1712 2048 2048 2030 2017 1746 2580 2288 1349 2168 1699 2011 1985 2048 2503 
1498 2518 1845 2248 2381 1712 2048 2048 2036 2025 1695 2503 2391 1502 2219 1775 2023 2002 2048 2503 
1498 2518 1845 2248 2381 1712 2048 2048 2044 2035 1663 2445 2455 1617 2251 1833 2039 2021 2048 2503 
1498 2518 1845 2248 2381 1712 2048 2048 2052 2044 1652 2444 2477 1619 2262 1834 2057 2039 2048 2503 
1498 2518 1845 2248 2381 1712 2048 2048 2061 2052 1651 2433 2479 1641 2263 1845 2075 2057 2048 2503 
1498 2518 1845 2248 2381 1712 2048 2048 2071 2060 1593 2401 2594 1705 2321 1877 2094 2073 2048 2503 
1498 2518 1845 2248 2381 1712 2048 2048 2079 2066 1516 2350 2747 1808 2397 1928 2111 2085 2048 2503 
1498 2518 1845 2248 2381 1712 2048 2048 2086 2070 1459 2278 2863 1952 2455 2000 2125 2093 2048 2503 
1498 2518 1845 2248 2381 1712 2048 2048 2086 2070 1459 2278 2863 1952 2455 2000 2125 2093 2048 2503 
1498 2518 1845 2248 2381 1712 2048 2048 2086 2070 1459 2278 2863 1952 2455 2000 2125 2093 2048 2503 
1498 2518 1845 2248 2381 1712 2048 2048 2079 2066 1516 2350 2747 1808 2397 1928 2111 2085 2048 2503 
1498 2518 1845 2248 2381 1712 2048 2048 2071 2060 1593 2401 2594 1705 2321 1877 2094 2073 2048 2503 
1498 2518 1845 2248 2381 1712 2048 2048 2061 2052 1651 2433 2479 1641 2263 1845 2075 2057 2048 2503 
1498 2518 1845 2248 2381 1712 2048 2048 2052 2044 1652 2444 2477 1619 2262 1834 2057 2039 2048 2503 
1498 2518 1845 2248 2381 1712 2048 2048 2044 2035 1663 2445 2455 1617 2251 1833 2039 2021 2048 2503 
1498 2518 1845 2248 2381 1712 2048 2048 2036 2025 1695 2503 2391 1502 2219 1775 2023 2002 2048 2503 
1498 2518 1845 2248 2381 1712 2048 2048 2030 2017 1746 2580 2288 1349 2168 1699 2011 1985 2048 2503 
